# fingerprint database

Microsoft Windows XP=os100
os100=1,15,3,6,44,46,47,31,33,249,43
os100=1,15,3,6,44,46,47,31,33,249,43,252
os100=1,15,3,6,44,46,47,31,33,249,43,252,12
os100=15,3,6,44,46,47,31,33,249,43
os100=15,3,6,44,46,47,31,33,249,43,252
os100=15,3,6,44,46,47,31,33,249,43,252,12
os100=28,2,3,15,6,12,44,47
os100=1,15,3,6,44,46,47,31,33,249,43,171,172
os100=1,15,3,6,44,46,47,31,33,121,249,43,200

Microsoft Windows 2000=os101
os101=1,15,3,6,44,46,47,31,33,43
os101=1,15,3,6,44,46,47,31,33,43,252
os101=1,15,3,6,44,46,47,31,33,43,252,12
os101=15,3,6,44,46,47,31,33,43
os101=15,3,6,44,46,47,31,33,43,252

Microsoft Windows ME=os102
os102=1,15,3,6,44,46,47,31,33,43,77
os102=15,3,6,44,46,47,31,33,43,77

Microsoft Windows 98=os103
os103=1,3,6,15,44,46,47,57

Microsoft Windows 95=os104
os104=1,3,15,6,44,46,47

Microsoft Windows NT 4=os105
os105=1,2,3,6,12,15,26,28,85,86,87,88,44,45,46,47,70,69,78,79
os105=1,15,3,44,46,47,6

Microsoft Windows 98SE=os106
os106=15,3,6,44,46,47,43,77
os106=1,15,3,6,44,46,47,43,77
os106=15,3,6,44,46,47,43,77,252
os106=1,15,3,6,44,46,47,43,77,252

Microsoft Windows Vista/7 or Server 2008=os107
os107=1,15,3,6,44,46,47,31,33,121,249,43
os107=1,15,3,6,44,46,47,31,33,121,249,43,0,32,176,67
os107=1,15,3,6,44,46,47,31,33,121,249,43,0,176,67
os107=1,15,3,6,44,46,47,31,33,121,249,43,252
os107=1,15,3,6,44,46,47,31,33,121,249,43,195
os107=1,15,3,6,44,46,47,31,33,121,249,43,0,112,64
os107=1,15,3,6,44,46,47,31,33,121,249,43,0,128,64
os107=1,15,3,6,44,46,47,31,33,121,249,43,0,168,112,64
os107=1,15,3,6,44,46,47,31,33,121,249,43,0,188,67
os107=1,15,3,6,44,46,47,31,33,121,249,43,0,64,112
os107=1,3,6,12,15,28,44,46,47,33,249

Microsoft Windows 8=os109
os109=1,15,3,6,44,46,47,31,33,121,249,252,43
os109=1,3,6,15,33,44,46,47,121,249,43,60,212

Microsoft Windows 7 or Server 2008 R2 or Server SBS 2011=os110
os110=1,15,3,6,44,46,47,31,33,121,249,43,0,80

Mac OS X=os200
os200=1,3,6,15,112,113,78,79,95
os200=1,3,6,15,112,113,78,79,95,252
os200=3,6,15,112,113,78,79,95,252
os200=3,6,15,112,113,78,79,95
os200=3,6,15,112,113,78,79,95,44,47
os200=1,3,6,15,112,113,78,79,95,44,47
os200=1,3,6,15,112,113,78,79
os200=1,3,6,15,119,95,252,44,46,101
os200=1,3,6,15,119,112,113,78,79,95,252
os200=3,6,15,112,113,78,79,95,252,44,47
os200=1,3,6,15,112,113,78,79,95,252,44,47
os200=1,3,12,6,15,112,113,78,79
os200=60,43
os200=43,60
os200=1,3,6,15,119,95,252,44,46,47
os200=1,3,6,15,119,95,252,44,46,47,101

Mac OS 9=os201
os201=1,3,6,15,33,42,44,45,46,47,69,70,71,74,78,79

Mac OS X Lion=os202
os202=1,3,6,15,119,95,252,44,46

Cisco IP Phone=os300
os300=1,66,6,3,15,150,35
os300=1,66,6,3,15,150,35,151
os300=1,3,6,15,42,66,150
os300=1,28,66,6,15,3,35,150
os300=1,3,6,15,35,66,51,150
os300=1,3,6,15,42,66,51,150
os300=1,3,6,15,35,66,150
os300=1,3,6,12,15,28,42,66,149,150
os300=6,3,1,66,15,150
os300=1,3,15,6,12,35,66,150

Avaya IP Phone=os301
os301=1,3,6,15,66,69,43,176
os301=1,3,7,6,15,66,69,43,176
os301=1,28,3,6,15,42,242
os301=1,28,3,6,15,42,43,176,66
os301=1,28,3,15,6,12,7,26,42,43,242

BATM VoIP Adapter=os302
os302=1,3,6,15,12

Linksys PAP VoIP=os303
os303=1,3,42,6,7,15,58,59,66

Mediatrix VoIP Adapter=os304
os304=1,3,6,12,15,42,43

Uniden DTA VoIP Adapater=os305
os305=1,2,3,6,15,42

UniData IP Phone=os306
os306=54,51,58,59,1,3,6,15,28,139
os306=54,51,58,59,1,3,6,15,28,139,2,42,66

Sunrocket VoIP Gizmo=os307
os307=3,1,6,12,15,67,66,43

Sipura VoIP Adaptor=os308
os308=1,15,3,6,44,46,47,66
os308=1,3,42,6,7,15,58,59,44,66

Clipcomm IP Phone=os309
os309=1,3,6,15,44,46,47,31,33,43

Nortel IP Phone=os310
os310=1,28,1,3
os310=1,28,3
os310=51,58,59,1,3,43,128,144,157,191,251
os310=1,28,1,3,43,128,131,144,157,188,191,205,219,223,232,247,251,58,59
os310=1,28,3,43,128,131,144,157,188,191,205,219,223,232,247,251,58,59
os310=1,28,3,43,128,131,144,157,188,191,205,219,223,232,247,251,58,59,66
os310=1,28,3,43,128,131,144,157,188,191,205,219,223,232,247,251,58,59,66,6,15
os310=1,28,3,43,128,131,144,157,188,191,205,219,223,224,227,230,232,235,238,241,244,247,249,251,254,58,59,66
os310=1,28,3,43,128,131,144,157,188,191,205,219,223,224,227,230,232,235,238,241,244,247,249,251,254,58,59,66,6,15
os310=1,28,3,99,43,128,131,144,157,188,191,205,219,223,224,227,230,232,235,238,241,244,247,249,251,254,58,59,66,6,15

ZyXEL WiFi Phone=os312
os312=1,3,6,66,15

UTStarcom F3000=os313
os313=1,6,15,3,43

ShoreTel IP Phone=os314
os314=1,28,156,4,3,66,42

Siemens OpenStage IP Phones=os315
os315=1,2,3,6,12,15,28,33,42,43,120

Siemens optiPoint WL2 Professional=os316
os316=1,2,3,6,12,15,28,42,43,120

Siemens optiPoint 410/420=os317
os317=1,28,43,3
os317=1,28,3,6,15,33,42,2,43
os317=1,28,3,6,15,33,42,2,43,120

Alcatel Advanced Reflex IP Phone=os318
os318=1,28,54,58,59,60,43,3

Alcatel IP Touch 8 Series Phones=os319
os319=1,3,28,43,58,59

Cisco/Linksys SPA series IP Phone=os320
os320=1,3,42,6,7,15,58,59,44,66,150,151
os320=1,3,42,6,7,15,58,59,44,66,150,2,151
os320=1,3,42,6,7,15,58,59,66,2,150,151,160,159

Siemens optiPoint 150 S=os321
os321=1,3,6,12,15,66

Mitel IP Phone=os322
os322=1,3,6,12,42,44,51,54,58,59,128,66,120,129,130,131,132,133,134,135,224,138,125,43

Polycom Conference IP Phone=os323
os323=1,3,6,15,42,43,44,46,47,119
os323=1,28,66,6,15,3,35,43,128,131,144,157,188,191,205,219,223,232,247,251
os323=1,3,6,7,15,66,151,152
os323=1,3,6,7,15,66,151,152,43,128,129,130
os323=66,160,7,54,42,15,6,4,3,2,1
os323=191,157,144,128,66,160,7,54,42,15,6,4,3,2,1
os323=1,2,3,4,6,15,42,54,160,66,43
os323=1,28,160,66,43,3,4,42,2,6,15
os323=1,28,160,43,3,4,42,2,6,15
os323=1,28,3,160,66,4,42,2,6,15
os323=1,2,3,4,6,15,42,54,66,43
os323=1,2,3,4,6,15,42,54,7,160,66
os323=1,28,3,160,66,4,42,2,6,15,128,144,157,191
os323=1,28,160,66,43,3,4,42,2,6,15,7

Polycom SoundPoint IP 430=os324
os324=1,28,66,3,4,42,2,6,15

Snom VoIP solutions=os325
os325=1,3,6,12,15,42,66,67,120

Aastra VoIP=os326
os326=1,3,6,42,43,2,66
os326=1,3,6,42,43,66,159,160
os326=1,3,6,42,43,2,66,159,160
os326=1,28,1,3,6,42,66

Nortel IP Phone Model 1535=os327
os327=1,3,6,12,15,17,23,28,29,31,33,40,41,42,66
os327=1,3,6,12,15,17,23,28,29,31,33,40,41,42,66,72,150

Polycom SoundPoint IP 450=os328
os328=1,28,160,66,3,4,42,2,6,15

Polycom SoundStation IP 6000=os329
os329=1,3,15,160,66,3,4,54,42,2,6,15

Polycom SoundPoint IP 301=os330
os330=1,28,3,66,4,42,2,6,15

GrandStream HandyTone 503 ATA=os331
os331=1,3,6,12,15,28,66

Unidentified Polycom=os332
os332=1,28,66,6,15,3,35,176
os332=1,3,15,242,4,54,42,2,6

MagicJack Plus=os333
os333=54,51,58,59,1,3,6,15,28

Cisco ATA 186=os334
os334=1,3,6,12,15,42,66,150

Gigaset Communications GmbH=os335
os335=1,3,6,15,120,114,125

XIAMEN YEALINK NETWORK TECHNOLOGY=os336
os336=1,2,3,4,6,7,12,15,28,42,66,67,43,120

Cisco Wireless Access Point=os400
os400=1,28,3,6,15,67,4,7
os400=1,28,3,6,15,67,4
os400=1,28,3,6,15,44
os400=1,28,3,43
os400=1,6,15,44,3,33,150,43
os400=1,6,15,44,3,7,33,150,43
os400=1,66,6,15,44,3,67,33,150,43
os400=1,66,6,15,44,3,67,12,33,150,43
os400=1,66,6,15,44,3,67,12,33,150,43,125

Compex Wireless Access Point=os401
os401=1,3,15,6,43,77

Cisco/Linksys Router=os402
os402=1,3,6,12,15,28
os402=1,3,6,15,28,54
os402=1,28,2,3,15,6,12,4,7,23,26,43,50,51,54,55,60,61
os402=1,28,2,3,15,6,12,4,7,23,26,43,50,51,54,55,60,72
os402=1,3,6,12,15,44,46,47
os402=1,15,3,6,44,46,47
os402=1,15,3,6,44,46,47,1,3,6,15,44,46,47
os402=1,15,3,6,44,46,47,66,1,3,6,15,44,46,47
os402=1,3,6,12,15,28,44
os402=15,3,6,44,46,47
os402=6,3,1
os402=1,3,6,12,15,28,44,33,249
os402=1,3,6,12,15,28,40,41,42,121

Netgear Router=os403
os403=1,3,6,12,15,28,33,121
os403=3,6,15
os403=3,1,6,15
os403=3,1,6,15,12
os403=1,121,3,6,12,15,28,33
os403=1,121,3,6,12,15,28,33,43
os403=1,3,6,12,15,28,33,44,121
os403=1,3,6,12,15,28,33,44,121,249
os4031,3,6,12,15,28,33,121,249

Apple Airport=os405
os405=28,3,6,15
os405=1,28,3,6,15
os405=1,2,3,15,6,12,44

Symbol Wireless Access Point=os406
os406=1,3,6,12,15,43,66,67,128,129,130,131,132,133,134,135

Gemtek Wireless Router=os408
os408=1,3,6,15,43,44,46,47
os408=1,28,2,3,15,6,12,4,7,23,26,43,50,51,54,55,60,61,72

D-Link Wireless Router=os409
os409=1,3,6,12,15,66,69,70,67
os409=1,3,6,12,15,28,40,41,42,44,46,47
os409=1,3,6,12,15,28,33,40,41,42,44,46,47
os409=1,3,6,12,15,28,33,40,41,42,44,46,47,121,249
os409=1,3,6,44,15,46,47
os409=1,3,6,12,15,28,44,46,47
os409=1,3,6,15,33,44,46,47,121
os409=1,3,6,44,46,47,12,15,17,23,28,29,31,33
os409=1,3,6,15,33,44,46,47,121,249,43

2Wire Residential Gateway=os410
os4=1,2,3,6,15,88,42,44,46,47

Motorola Router=os411
os411=1,28,1,3,6,4

Buffalo Wireless AP=os412
os412=1,3,6,12,15,23,28,29,31,33,40,41,42,44

Bluesocket BSC=os414
os414=1,28,3,15,6,12,44

DD-WRT Router=os415
os415=1,3,6,12,15,28,40,41,42

Trendnet Access Point=os416
os416=1,28,6,5,3,44,15
os416=6,5,3,44,15

TP-Link Wireless LAN Router=os417
os417=1,3,43,44,46,47,6
os417=1,3,6,12,15,17,28,42
os417=1,28,3,43,44,46,47,6
os417=1,3,43,44,46,47,6,33,121
os417=1,3,43,44,46,47,6,33,121,249
os417=1,3,6,15,33,43,44,46,47,121
os417=1,3,6,15,33,43,44,46,47,121,249
os417=1,3,6,12,15,28,42,44

Ruckus Wireless=os418
os418=1,2,3,6,12,15,28,42,43,44

Enterasys or Trapeze Wireless Access Point=os419
os419=1,15,3,6,43

Enterasys HiPath Wireless Access Point=os420
os420=1,28,3,6,15,12

Quanta Microsystems Router=os421
os421=3,22,23,1,24,33,35,6,15
os421=1,3,6,12,15,28,44,212

HP ProCurve Access Point=os422
os422=1,28,2,3,15,6,12,43

Aruba Access Point=os424
os424=1,3,4,6,12,15,28,42,43,60
os424=1,3,6,12,15,4,43,44,60,42,28
os424=1,3,6,12,15,17,43,60
os424=1,3,6,15,43,60
os424=1,28,2,3,15,6,43

Trendnet Wireless Router=os425
os425=1,249,3,6,12,15,28,33,40,41,42,44

Belkin Wireless Router=os426
os426=3,1,6,15,121
os426=1,3,12,23,44,47
os426=1,3,6,12,15,28,33,44
os426=1,3,6,12,15,28,50,33
os426=1,3,121,6,12,15,28,50,33

MikroTik (RouterOS)=os427
os427=1,121,3,33,6,42

Freebox Wireless Router=os428
os428=1,3,6,15,51,58,59,255

AeroHive Hive Access Points=os429
os429=1,3,6,7,12,15,28,40,41,42,225,226,227,228
os429=1,3,6,7,12,15,28,40,41,42,225,226,227,228,229,230,231

Tenda Wireless Router=os430
os430=1,3,6,15,31,33,43,44,46,47,249

Zioncom Wireless Router=os431
os431=1,3,6,10,12,14,15,28,40,41,42,87

AP Meraki=os432
os432=1,3,6,12,15,26,28,40,41,42

Actiontec Wireless Router=os433
os433=1,28,2,3,15,6,4,7,23,26,43,50,51,54,55,60,61,72

N300 Wireless Router=os434
os434=1,121,249,3,6,12,15,28,33,43

Motorola AP 6511=os435
os435=1,28,2,3,15,6,12,43,191,186,187,188,189
os435=1,3,6,12,15,28,42,43,186,187,188,189,191,192

Debian-based Linux=os500
os500=1,28,2,3,15,6,12
os500=1,28,2,3,15,6,12,42
os500=3,6,15,28,12,7,9,42,48,49
os500=1,28,2,3,15,6,12,44,47
os500=1,28,2,3,15,6,12,44,47,26
os500=1,28,2,3,15,6,119,12,44,47,26
os500=1,28,2,3,15,6,119,12

Generic Linux=os501
os501=3,6,12,15,17,23,28,29,31,33,40,41,42,119
os501=1,3,6,12,15,23,28,29,31,33,40,41,42
os501=3,6,12,15,17,23,28,29,31,33,40,41,42,9,7,200,44
os501=1,3,6,12,15,23,28,29,31,33,40,41,42,9,7,200,44
os501=1,28,2,3,15,6,12,121,249,252,42
os501=1,3,6,12,15,28,40,41,42,119
os501=1,121,33,3,6,12,15,28,42,51,54,58,59,119
os501=1,28,2,121,15,6,12,40,41,42,26,119,3,121,249,33,252,42
os501=1,15,3,6,44,46,47,31,33,249,43,0,128,112

SUSE Linux/Novell Desktop=os502
os502=1,3,6,12,15,17,23,28,29,31,33,40,41,42,9,7,200,44
os502=1,3,6,12,15,17,23,28,29,31,33,40,41,42,9,7,44,45,46,47
os502=1,3,6,12,15,17,23,28,29,31,33,40,41,42,9,7,44,45,46,47,119
os502=1,28,2,3,15,6,12,40,41

RedHat/Fedora-based Linux=os503
os503=1,28,2,3,15,6,12,40,41,42
os503=28,2,3,15,6,12,40,41,42
os503=1,28,2,3,15,6,12,40,41,42,26,119
1,28,2,3,15,6,12,40,41,42,26

Gentoo Linux=os504
os504=1,3,6,12,15,17,23,28,29,31,33,40,41,42
os504=1,3,6,12,15,17,23,28,29,31,33,40,41,42,119
os504=58,59,1,28,121,33,3,12,119,15,6,40,41,42,26
os504=1,121,33,3,6,12,15,28,40,41,42,51,58,59,119
os504=1,121,33,3,6,12,15,26,28,42,51,54,58,59,119

Ubuntu/Debian 5/Knoppix 6=os505
os505=1,28,2,3,15,6,119,12,44,47,26,121
os505=1,28,2,3,15,6,119,12,44,47,26,121,42

FortiOS=os506
os506=1,2,3,6,12,15,28,40,42

Puppy Linux 4.x=os507
os507=58,59,1,28,121,33,3,12,119,15,6,40,41,42,26,17,120

Meego Netbook=os508
os508=252,3,42,15,6,1,12

Ubuntu Server 10.04 LTS=os509
os509=58,59,1,28,121,33,3,12,119,15,6,26,17,120

Suse Linux Enterprise Desktop 11=os510
os510=1,28,3,26,12,15,6,40,41,87,85,86,44,45,46,47,42

Ubuntu 11.04=os511
os511=1,28,2,3,15,6,119,12,44,47,26,121,42,121,249,252,42

Fedora 14 based distro=os512
os512=1,28,2,121,15,6,12,40,41,42,26,119,3

Chrome OS=os513
os513=1,121,33,3,6,12,15,26,28,51,54,58,59,119
os513=1,121,33,3,6,12,15,26,28,51,54,58,59,119,252

Fedora 15 or 16 based distro=os514
os514=1,28,2,121,15,6,12,40,41,42,26,119,3,121,249,252,42

RHEL 6.4 or Centos6.4=os515
os515=1,28,2,121,15,6,12,40,41,42,26,119,3,121,249,42

Xbox=os600
os600=1,3,6,15
os600=3,6

Xbox 360=os601
os601=1,3,6

Playstation 2=os602
os602=3,15,6
os602=1,3,15,6

Gamecube=os603
os603=3,6,26,28,58,59

Wii=os604
os604=1,3,6,12,15,28,33,58,59

Playstation 3 or Playstation Portable (PSP)=os605
os605=1,3,28,6,15

TiVo=os700
os700=28,2,3,15,6,12

Replay TV=os701
os701=1,2,3,4,7,6,15
os701=1,28

Amino Aminet Set Top Box=os702
os702=1,2,3,6,12,15,17,23,28,29,31,33,40,41,42,43
os702=1,3,6,12,15,17,23,28,29,31,33,40,41,42,43

Slingbox=os703
os703=1,3,6,15,44,46,47

Motorola NIM100=os704
os704=1,3,6,15,23,51,54

Sony player=os705
os705=1,3,6,15,51

Panasonic G20 Television=os706
os706=58,59,6,15,51,54,1,3 

ClearOne Gentner Communications CONVERGE1212 CONVERGE880=os707
os707=1,28,3,6,15,2,42,4,66

Samsung SMART-TV=os708
os708=1,3,6,12,15,28,42,125

VBrick Multimedia System=os709
os709=1,3,4,6,12,42

Extron Electronics=os710
os710=1,3,58,59,6
os710=1,3,58,59,6,15
os710=1,3,58,59

Arecont Vision=os711
os711=1,3,42

ACTi Corporation=os712
os712=1,3,4,6,12,15,17,23,28,29,31,33,40,41,42

Axis communications ab=os713
os713=1,3,6,15,42,44,46,47,69

Matsushita electric / Panasonic=os714
os714=1,28,15,6,3,1

HP Printer=os800
os800=1,3,7,44,51,54,58,59,12,15,144,18
os800=1,3,44,6,7,12,15,22,54,58,59,69,18,144
os800=3,44,6,7,12,15,22,54,58,59,69,18,144
os800=3,44,6,81,7,12,15,22,54,58,59,69,18,144
os800=3,7,44,51,54,58,59,12,15,144,18
os800=1,3,44,6,7,12,15,22,54,58,59,18,144
os800=1,3,44,6,81,7,12,15,22,54,58,59,69,18,144
os800=1,3,7,44,51,54,58,59,12,144,18
os800=6,3,1,15,66,67,13,12
os800=1,3,44,6,7,12,15,22,54,58,59,69,18,144,119
os800=6,3,1,15,66,67,13,44,12
os800=6,3,1,15,66,67,13,44,12,81
os800=1,3,44,6,7,12,15,22,54,58,59,69,18,43,119,154
os800=1,3,44,6,7,12,252,15,22,54,58,59,69,18,43,119,81,153,154
os800=1,3,44,6,7,12,15,22,54,58,59,69,18,43,119
os800=6,3,1,15,12,66,67,13,44
os800=1,3,44,6,7,12,15,22,54,58,59,69,18,43
os800=6,3,1,15,66,67,13
os800=3,1,15,44,12
os800=6,3,1,15,44,12
os800=6,3,1,15,66,67,13,44,12,81,252
os800=1,3,44,6,7,12,15,22,54,58,59,69,18,43,119,81,153,154

Canon Printer=os801
os801=3,6,15,44,47
os801=1,3,6,15,44,47
os801=1,3,12,23,6,15

Xerox Printer=os802
os802=51,1,3,58,59,12,44,54,6,15,144
os802=1,28,3,15,6,12,44,78,79
os802=1,28,3,15,6,12,44,78,79,66,67
os802=1,3,28,58,59,6,15,78,79,44,46,69,66,67,12
os802=1,3,28,6,15,44,46,69,12,81
os802=1,3,28,58,59,6,15,78,79,44,46,69,12,81
os802=1,3,28,58,59,6,15,78,79,44,46,69,66,67,12,81
os802=1,28,3,58,59,6,15,78,79,44,46,69,116,66,67,12
os802=1,28,3,58,59,6,15,78,79,12,44,46,69,116,66,67
os802=1,28,3,15,6,12,44,78,79,2,42
os802=1,3,6,7,12,15,18,23,26,44,46,51,54,58,59,78,79
os802=1,28,3,58,59,6,15,78,79,12,42,44,46,69,116,66,67
os802=1,28,3,58,59,6,15,78,79,42,44,46,69,116,66,67,12
os802=1,2,3,6,12,15,26,28,85,86,87,88,44,45,46,47,70,69,78,79,120
os802=1,28,3,15,6,12,44,81,78,79,116,2,42,58,59,69,119
os802=1,28,3,15,6,12,81,44,46,78,79,116,66,67,2,69,42,58,59,119,252
os802=116,252,67,28,59,58,15,6,119,81,44,46,47,42,70,3,78,79,69,1,66,2

Dell Printer=os803
os803=1,2,3,6,12,15,26,28,88,44,45,46,47,70,69,78,79

Brother Printer=os804
os804=1,3,6,12,15,28,42,40,44,46
os804=6,3,1,15,66,67,13,12,44
os804=1,2,3,6,12,15,26,28,85,86,87,88,44,45,46,47
os804=6,3,1,15,66,67,13,12,44,2,42

Tally Printer=os805
os805=1,3,6,58,59,44,46,47

Kyocera Printer=os806
os806=1,3,12,6,15,23,44,47
os806=1,3,12,23,6,15,44,47
os806=1,3,15,6,44
os806=1,28,2,3,15,6,12,44
os806=1,121,33,3,6,15,28,40,41,42,51,58,59,119
os806=1,3,6,15,28,33,40,41,42,51,58,59,119,121

Epson Printer=os807
os807=1,3,6,12,15,28,42,40
os807=1,3,6,12,15,28,51,54,58,59

Lexmark Printer=os808
os808=1,3,6,12,15,28,42,40,38,23,37,44,39,19,26
os808=1,3,4,42,6,7,12,15,26,44,51,54,58,59,190
os808=1,3,7,12,26,44,51,54,58,59,190
os808=1,3,7,12,26,44,51,54,58,59
os808=1,3,42,4,6,7,12,15,26,44,51,54,58,59,190
os808=1,3,42,4,6,7,12,26,44,51,54,58,59,190
os808=1,3,42,4,6,7,12,15,26,51,54,58,59
os808=54,59,83,101,114,61,57,52,50,49,80,89,51,59,255

Trendnet Printserver=os809
os809=1,3

Generic Printer=os810
os810=1,3,6,7,12,15,18,23,26,44,46,51,54,58,59,78,79,81

Toshiba Multifunction Printer=os811
os811=1,3,6,44,12,15,4,69,70,42
os811=1,3,28,15,6,44,69,70,42,12,4

Ricoh Multifunction Printer=os812
os812=1,3,6,15,28,44,47
os812=1,3,6,12,15,28,44,47
os812=1,3,6,12,15,28,44,47,204

Konica Minolta Multifunction Printer=os813
os813=1,3,6,15,44,46
os813=1,3,6,15,44
os813=1,3,6,44,46
os813=1,3,23,6,15

Zebra Printer=os814
os814=3,22,23,1,24,33,35,6,15,44,11

SEH COMPUTERTECHNIK GMBH=os815
os815=1,3,6,15,7,44,51,54,58,59,12
os815=1,3,6,15,7,44,51,54,58,59,12,69,42
os815=1,3,6,15,7,44,51,54,58,59,12,69

Oki Xante llumina=os816
os816=1,3,12,23,6,15,42,44,47

Shandong New Beiyang Information Technology=os817
os817=58,59,1,28,121,33,3,12,119,15,6,40,41,42

Panasonic MB2030CX=os818
os818=58,59,6,15,44,51,54,1,3

Cisco Catalyst 29xx=os900
os900=1,66,6,3,67
os900=1,66,6,3,67,12,150
os900=1,66,6,3,67,150,43

Cisco Catalyst 35xx=os901
os901=1,6,15,44,3,33
os901=1,6,15,44,52

HP ProCurve=os902
os902=1,3,4,23,67
os902=1,3,4,23
os902=1,3,4,43
os902=1,3,4,23,67,66
os902=1,3,4,23,67,66,43,6,15

Enterasys SecureStacks=os903
os903=3,1

Cisco Small Business=os904
os904=1,3,66,67,54,129,150,131,132,6,15,100

3Com Switches=os905
os905=1,3,6,15,27

HP ProCurve 1800-8G=os905
os905=1,3,12


HP ProCurve 3500yl=os907
os907=1,3,4,23,67,66,43

3Com 4400 SE Switch=os908
os908=1,6,54,69,42,50,4,3,51,12,116

Hotway LanDrive=os1000
os1000=1,3,6,15,28

LaCie NAS=os1001
os1001=1,3,6,12,15,28,42

Xyratex NAS=os1002
os1002=1,6,3

Synology NAS=os1003
os1003=1,3,6,12,15,17,23,28,29,31,33,40,41,42,44

NAS4FREE=os1004
os1004=1,28,2,121,3,15,6,12,119

Iomega Backup Center=os1005
os1005=1,28,2,3,15,6,119,12,44,47,121


Nokia=os1100 
os1100=1,28,2,121,3,15,6,12
os1100=1,3,6,28
os1100=1,3,6,12,15,17,28,40,41,42

RIM BlackBerry=os1101
os1101=56,6,1,3,15
os1101=1,3,6,15

Apple iPod, iPhone or iPad=os1102
os1102=1,3,6,15,119,78,79,95,252
os1102=1,3,6,15,119,252
os1102=1,3,6,15,119,252,46,208,92
os1102=1,3,6,15,119,252,67,52,13


HTC Android=os1103
os1103=1,121,33,3,28,51,58,59

os1104
Symbian OS=os1104
os1104=12,6,15,1,3,28,120
os1104=12,6,15,1,3,28,120,119

Sony Ericsson Android=os1105
os1105=1,3,6,12,15,28,33,51,58,59,119,121

Apple iPod=os1106
os1106=1,15,3,6

Samsung S8000=os1107
os1107=1,2,3,4,5,6,7,8,9,12,13,15,16,17,23,26,28,42,44,50,51,53,54,56,66,67

Samsung S8500=os1108
os1108=1,3,5,6,32,13,15,17,23,28,42,50,51,53,54,56,66,67
os1108=1,3,5,6,49,13,15,17,23,28,42,50,51,53,54,56,66,67
os1108=1,3,5,6,56,13,15,17,23,28,42,50,51,53,54,56,66,67

Sony Ericsson W800i=os1109
os1109=1,3,6,120

LG BL40=os1110
os1110=54,51,6,1,3,26,15,120

Generic Android=os1111
os1111=1,121,33,3,6,28,51,58,59
os1111=1,3,6,12,15,28,43,66,125
os1111=1,3,6,28,33,51,58,59,121
os1111=1,121,33,3,6,15,28,51,58,59,119
os1111=1,121,33,3,6,12,15,28,51,58,59,119
os1111=1,150,3,6,15,35,66
os1111=1,33,3,6,12,15,28,51,58,59,119
os1111=1,33,3,6,15,28,51,58,59

Samsung Android=os1112
os1112=1,121,33,3,6,15,28,51,58,59
os1112=1,3,6,15,28,33,51,58,59,121
os1112=6,3,1,15,12,42
os1112=1,33,3,6,15,26,28,51,58,59

Palm OS=os1113
os1113=1,3,6,15,44,46,47,66,67

Sharp Phone=os1114
os1114=54,51,6,1,3,15,120

Android Tablet=os1115
os1115=1,33,3,6,28,51,58,59

Unknown Android=os1116
os1116=1,121,33,3,6,28,42,51,58,59

Motorola Android=os1117
os1117=1,33,3,6,15,28,44,51,58,59
os1117=1,33,3,6,15,28,44,51,58,59,119
os1117=1,121,33,3,6,15,28,44,51,58,59,119

Sony Ericsson CK15A=os1119
os1119=1,3,6,12,51,58,59 

ZTE N9120 Android=os1120
os1120=1,33,3,6,15,28,51,58,59,119

Samsung GT-S5690M (Galaxy Ruby)=os1121
os1121=1,121,33,3,6,12,15,28,42,51,58,59,119

Samsung S5260 Star II=os1123
os1123=1,3,5,6,12,13,15,17,23,28,42,50,51,53,54,56,66,67

Samsung Galaxy Tab 3 7.0 SM-T210R=os1124
os1124=1,33,3,6,12,15,28,42,51,58,59,119


LG Nexus 5 & 7=os1125
os1125=1,33,3,6,15,26,28,51,58,59

NetBotz WallBotz 400C=os1200
os1200=1,3,6,15,12,69,70,88,42

HP iLO Agent=os1201
os1201=1,3,6,15,28,33,43,44,58,59
os1201=1,2,3,4,6,15,28,33,42,43,44,58,59,100,101
os1201=202
os1201=203

APC UPS=os1202
os1202=6,3,1,15,66,67,13,43,58,59,42,2,12
os1202=6,3,1,15,66,67,13,44,43,58,59,42,2,12

Tripplite UPS=os1203
os1203=1,3,6,12,15,28,42,40,38,23,37,39,19,26

Tandberg 1000=os1300
os1300=1,3,6,12,15,120,242

Polycom ViewStation=os1301
os1301=6,1,3,12,44
os1301=6,1,3,12,44,15

Tandberg=os1302
os1302=1,3,7
os1302=1,3,28,6,12,15,26,42,242,120
os1302=1,28,3,15,6,12,42,242,120,66,43 

Polycom VSX 3000=os1303
os1303=1,3,6,15,12,44

LifeSize Video Conferencing=os1304
os1304=1,28,2,3,15,6,12,42,157

OpenBSD=os1400
os1400=1,28,3,15,6,12


[os 1401]
 includes PC-BSD and FreeNAS but FreeBSD is enough
 1,28,2,121,3,15,6,12 confilt with m@c vendor Nokia
=FreeBSD
fingerprints=<<


 1500 was Moneris and got re-assigned to category 24

[os 1501]
=Eye-Fi Wireless Memory Card
fingerprints=<<
1,3,28,6


[os 1502]
=APC Uninterruptible Power Supply
fingerprints=<<
6,3,1,15,66,67,13,44,12,43,58,59,42,2


[os 1503]
 Development board kits
=PHAST Electronics
fingerprints=<<
1,28,15,6,3


[os 1504]
 Show lighting
=ROBE 
fingerprints=<<
1,28,3,6


[os 1505]
 automated identification and data capture equipment
=Intermec corporation
fingerprints=<<
1,28,3,6,12,15,53,54,51,58,59,69,44,60


[os 1506]
 Camera for Industrial, Raillway and Traffic
=Tattile Camera
fingerprints=<<
1,3,5,6,12,15,44,46,47,155,156,157,158,159,160,161,162,163,164,165,166,167,168,186,187


[os 1507]
 communication module
=Alps Electric
fingerprints=<<
1,3,4,6,15


[os 1600]
=OS/2 Warp
fingerprints=<<
1,3,6,15,28,33


[os 1601]
=BeOS
fingerprints=<<
1,3,6,15,12,19


[os 1700]
=Etherboot/Sun Blade 100
vendor_id=<<
Etherboot-5.0
Etherboot-5.2
SUNW.Sun-Blade-100

fingerprints=<<
1,3,12,43


[os 1701]
=PXE
vendor_id=<<
PXEClient:Arch:00000:UNDI:002001

fingerprints=<<
1,2,3,5,6,11,12,13,15,16,17,18,43,54,60,67,128,129,130,131,132,133,134,135
1,3,3,5,6,11,12,13,15,16,17,18,43,54,60,67,128,129,130,131,132,133,134,135
1,2,3,4,5,6,11,12,13,15,16,17,18,22,23,28,40,41,42,43,50,51,54,58,59,60,66,67,128,129,130,131,132,133,134,135
1,2,3,4,5,6,12,13,15,17,18,22,23,28,40,41,42,43,50,51,54,58,59,60,66,67,97,128,129,130,131,132,133,134,135
1,3,43,54,60,67,128,129,130,131,132,133,134,135


[os 1702]
=Novell Netware Client
fingerprints=<<
78,79,85
78,79
79,78
85
85,86
85,86,87
100


[os 1704]
=Anaconda (RedHat) Installer
fingerprints=<<
1,3,6,15,28,12,7,9,42,48,49,26


[os 1705]
=Apple Netboot
fingerprints=<<
1,3,43,60
1,3,67,43,60


[os 1706]
=Etherboot/gPXE
fingerprints=<<
1,3,6,43


[os 1707]
=Generic Intel PXE
fingerprints=<<
1,3,12,44


[os 1800]
=Linspire
fingerprints=<<
1,28,2,3,15,6,12,46,44


[os 1801]
=PHLAK
fingerprints=<<
1,3,6,15,28,12,7,9,42,48,49


[os 1802]
=Knoppix
fingerprints=<<
1,3,6,15,51,44


[os 1900]
=OpenSolaris
fingerprints=<<
1,3,6,12,15,28,43


[os 1901]
=Solaris 8 (SunOS 5.8)
fingerprints=<<
1,2,3,5,6,12,15,19,28,33,40,41,64,65


[os 2000]
 fingerprint from a SEIKO EPSON CORPORATION projector model EMP400We
=Epson Projectors
fingerprints=<<
6,3,1,15,66,67,13,44


[os 2001]
=NEC Projectors
fingerprints=<<
50,1,3,12,15,51,58,59,6,42,69,70


[os 2100]
=Neoware e100 NeoLinux
fingerprints=<<
1,3,6,15,28,12,7,9,42,48,49,137,211,212,213,214,219


[os 2101]
=Neoware Capio Windows CE
fingerprints=<<
1,3,6,15,44,46,47,137,215
1,3,6,15,44,46,47,137,215,224,226


[os 2102]
=Generic Thin Client
fingerprints=<<
1,3,6,12,15,17,26,28,40
1,3,6,12,15,17,28
1,3,6,7,12,15,17,43,60,66,67,175,203


[os 2103]
=Wyse Technology thin client
fingerprints=<<
1,28,3,15,6,12,2,42,48,161,162,184,185,163,164,188,189,181,182,190,186,187


[os 2200]
=Paradox Card Access module
fingerprints=<<
1,3,6,51,58,59


[os 2300]
 58,59,1,28,121,33,3,12,119,15,6,40,41,42,26,17,120,9,7,44,45,46,47 is VMware vCenter Server Appliance 5
=VMware vCenter Server Appliance
fingerprints=<<
58,59,1,28,121,33,3,12,119,15,6,40,41,42,26,17,120,9,7,44,45,47
58,59,1,28,121,33,3,12,119,15,6,40,41,42,26,17,120,9,7,44,45,46,47


[os 2301]
=Precision time and frequency reference system
fingerprints=<<
1,42,4,6,11,3


[os 2400]
=Moneris HiSpeed 3100IP
fingerprints=<<
1,3,6,15,70,69


os 2401]
=PCS Revenue Control Systems
fingerprints=<<
1,3,6,42,12,15,31,33,43




